0 0.453125 0.437024 0.012500 0.009373
0 0.466406 0.439367 0.012500 0.009373
0 0.479687 0.441711 0.012500 0.009373
0 0.492188 0.444640 0.012500 0.009373
0 0.535156 0.441711 0.012500 0.009373
0 0.549219 0.444640 0.012500 0.009373
0 0.563281 0.446397 0.012500 0.009373
0 0.575781 0.448740 0.014063 0.010545
0 0.436719 0.444640 0.014063 0.010545
0 0.449219 0.447569 0.014063 0.010545
0 0.463281 0.449326 0.014063 0.010545
0 0.476562 0.451670 0.014063 0.010545
0 0.489063 0.454599 0.014063 0.010545
0 0.503125 0.456356 0.014063 0.010545
0 0.516406 0.459871 0.014063 0.010545
0 0.529687 0.461629 0.012500 0.009373
0 0.542969 0.463972 0.014063 0.010545
0 0.532813 0.452255 0.014063 0.010545
0 0.546094 0.454599 0.012500 0.009373
0 0.559375 0.456942 0.014063 0.010545
0 0.556250 0.466901 0.014063 0.010545
0 0.573438 0.459285 0.014063 0.010545
0 0.569531 0.468658 0.014063 0.010545
0 0.582812 0.471002 0.014063 0.010545
0 0.586719 0.461043 0.014063 0.010545
0 0.576562 0.491506 0.014063 0.010545
0 0.563281 0.488576 0.014063 0.010545
0 0.560156 0.498535 0.012500 0.009373
0 0.573438 0.500879 0.012500 0.009373
0 0.556250 0.509080 0.015625 0.011716
0 0.542188 0.506151 0.014063 0.010545
0 0.546875 0.496192 0.012500 0.009373
0 0.533594 0.493849 0.012500 0.009373
0 0.529687 0.503808 0.012500 0.009373
0 0.516406 0.500879 0.012500 0.009373
0 0.520312 0.491506 0.014063 0.010545
0 0.522656 0.481547 0.014063 0.010545
0 0.509375 0.479203 0.014063 0.010545
0 0.506250 0.489162 0.014063 0.010545
0 0.482812 0.474517 0.014063 0.010545
0 0.479687 0.484476 0.014063 0.010545
0 0.476562 0.494435 0.014063 0.010545
0 0.464062 0.491506 0.014063 0.010545
0 0.450000 0.489162 0.014063 0.010545
0 0.436719 0.486819 0.012500 0.009373
0 0.439844 0.476274 0.012500 0.009373
0 0.430469 0.463972 0.012500 0.009373
0 0.433594 0.454013 0.012500 0.009373
0 0.446094 0.457528 0.014063 0.010545
0 0.460156 0.459285 0.012500 0.009373
0 0.473438 0.461629 0.014063 0.010545
0 0.596094 0.473931 0.012500 0.009373
0 0.593750 0.483304 0.012500 0.009373
0 0.590625 0.493263 0.012500 0.009373
0 0.603906 0.496192 0.014063 0.010545
0 0.600781 0.505565 0.010937 0.008202
0 0.583594 0.513181 0.014063 0.010545
0 0.597656 0.515524 0.012500 0.009373
0 0.610156 0.517282 0.010937 0.008202
0 0.593750 0.525483 0.012500 0.009373
0 0.607031 0.528412 0.014063 0.010545
0 0.579688 0.523140 0.012500 0.009373
0 0.590625 0.535442 0.014063 0.010545
0 0.566406 0.520797 0.012500 0.009373
0 0.564063 0.530756 0.014063 0.010545
0 0.499219 0.509080 0.012500 0.009373
0 0.486719 0.505565 0.012500 0.009373
0 0.482812 0.515524 0.014063 0.010545
0 0.496094 0.519039 0.014063 0.010545
0 0.509375 0.520797 0.014063 0.010545
0 0.523438 0.523140 0.014063 0.010545
0 0.535937 0.525483 0.012500 0.009373
0 0.550000 0.528412 0.014063 0.010545
0 0.469531 0.513767 0.014063 0.010545
0 0.455469 0.510838 0.014063 0.010545
0 0.442969 0.508494 0.014063 0.010545
0 0.428906 0.506151 0.014063 0.010545
0 0.416406 0.503808 0.012500 0.009373
0 0.412500 0.513767 0.014063 0.010545
0 0.425781 0.516696 0.014063 0.010545
0 0.436719 0.528412 0.014063 0.010545
0 0.450000 0.530756 0.014063 0.010545
0 0.463281 0.533099 0.014063 0.010545
0 0.476562 0.535442 0.014063 0.010545
0 0.489844 0.538371 0.015625 0.011716
0 0.506250 0.530756 0.014063 0.010545
0 0.519531 0.533685 0.014063 0.010545
0 0.532813 0.535442 0.014063 0.010545
0 0.547656 0.538371 0.014063 0.010545
0 0.560156 0.540715 0.015625 0.011716
0 0.577344 0.533685 0.014063 0.010545
0 0.603906 0.538371 0.015625 0.011716
0 0.419531 0.451670 0.012500 0.009373
0 0.417187 0.462214 0.014063 0.010545
0 0.412500 0.471588 0.012500 0.009373
0 0.410156 0.482132 0.014063 0.010545
0 0.402344 0.500879 0.014063 0.010545
0 0.399219 0.511424 0.014063 0.010545
0 0.396094 0.520797 0.014063 0.010545
0 0.393750 0.530756 0.014063 0.010545
0 0.409375 0.523726 0.014063 0.010545
0 0.406250 0.533685 0.014063 0.010545
0 0.574219 0.543058 0.012500 0.009373
0 0.586719 0.545401 0.012500 0.009373
0 0.530469 0.545987 0.012500 0.009373
0 0.542969 0.548330 0.012500 0.009373
0 0.557031 0.550674 0.012500 0.009373
0 0.570312 0.553017 0.012500 0.009373
0 0.584375 0.555360 0.014063 0.010545
0 0.540625 0.558289 0.014063 0.010545
0 0.553906 0.561219 0.014063 0.010545
0 0.567187 0.563562 0.014063 0.010545
0 0.581250 0.565905 0.015625 0.011716
0 0.600781 0.548916 0.012500 0.009373
0 0.597656 0.558289 0.012500 0.009373
0 0.594531 0.568834 0.014063 0.010545
0 0.592187 0.578793 0.012500 0.009373
0 0.578125 0.575864 0.012500 0.009373
0 0.564063 0.573521 0.014063 0.010545
0 0.550000 0.570592 0.012500 0.009373
0 0.560937 0.584066 0.014063 0.010545
0 0.574219 0.585823 0.014063 0.010545
0 0.571094 0.596368 0.014063 0.010545
0 0.557031 0.593439 0.012500 0.009373
0 0.542969 0.590510 0.014063 0.010545
0 0.547656 0.581136 0.014063 0.010545
0 0.534375 0.578207 0.012500 0.009373
0 0.530469 0.588166 0.014063 0.010545
0 0.516406 0.586409 0.014063 0.010545
0 0.524219 0.565905 0.015625 0.011716
0 0.510156 0.563562 0.012500 0.009373
0 0.513281 0.553017 0.012500 0.009373
0 0.499219 0.550674 0.015625 0.011716
0 0.485938 0.547745 0.014063 0.010545
0 0.483594 0.557704 0.012500 0.009373
0 0.496875 0.560633 0.014063 0.010545
0 0.470313 0.554774 0.014063 0.010545
0 0.456250 0.553017 0.014063 0.010545
0 0.429688 0.548916 0.014063 0.010545
0 0.412500 0.555946 0.015625 0.011716
0 0.396094 0.563562 0.015625 0.011716
0 0.435937 0.570592 0.014063 0.010545
0 0.449219 0.572935 0.014063 0.010545
0 0.462500 0.575278 0.014063 0.010545
0 0.476562 0.578207 0.014063 0.010545
0 0.489844 0.581136 0.014063 0.010545
0 0.503125 0.584066 0.012500 0.009373
0 0.432812 0.580551 0.014063 0.010545
0 0.446094 0.584066 0.014063 0.010545
0 0.459375 0.586409 0.014063 0.010545
0 0.473438 0.588752 0.014063 0.010545
0 0.486719 0.590510 0.012500 0.009373
0 0.500781 0.594025 0.014063 0.010545
0 0.513281 0.596368 0.014063 0.010545
0 0.528125 0.598711 0.014063 0.010545
0 0.421875 0.611599 0.014063 0.010545
0 0.435156 0.614528 0.014063 0.010545
0 0.449219 0.616872 0.015625 0.011716
0 0.462500 0.619215 0.015625 0.011716
0 0.476562 0.622144 0.015625 0.011716
0 0.490625 0.625073 0.015625 0.011716
0 0.503906 0.626831 0.015625 0.011716
0 0.517188 0.629174 0.015625 0.011716
0 0.530469 0.632103 0.015625 0.011716
0 0.533594 0.621558 0.014063 0.010545
0 0.548438 0.624487 0.015625 0.011716
0 0.550781 0.613943 0.014063 0.010545
0 0.567187 0.606327 0.014063 0.010545
0 0.564844 0.616872 0.014063 0.010545
0 0.558594 0.637961 0.014063 0.010545
0 0.572656 0.640305 0.015625 0.011716
0 0.575781 0.629760 0.015625 0.011716
0 0.589063 0.632103 0.014063 0.010545
0 0.603125 0.635032 0.015625 0.011716
0 0.616406 0.637376 0.015625 0.011716
0 0.629687 0.639719 0.015625 0.011716
0 0.417969 0.622144 0.012500 0.009373
0 0.432031 0.624487 0.014063 0.010545
0 0.445312 0.626831 0.014063 0.010545
0 0.459375 0.629174 0.014063 0.010545
0 0.472656 0.631517 0.014063 0.010545
0 0.486719 0.634446 0.012500 0.009373
0 0.490625 0.636790 0.012500 0.009373
0 0.332031 0.540715 0.015625 0.011716
0 0.341406 0.553603 0.014063 0.010545
0 0.354687 0.555946 0.014063 0.010545
0 0.367969 0.558289 0.014063 0.010545
0 0.382031 0.560633 0.014063 0.010545
0 0.337500 0.563562 0.014063 0.010545
0 0.351562 0.566491 0.014063 0.010545
0 0.364844 0.568834 0.014063 0.010545
0 0.378906 0.571178 0.015625 0.011716
0 0.392188 0.574107 0.014063 0.010545
0 0.402344 0.585823 0.015625 0.011716
0 0.384375 0.594025 0.014063 0.010545
0 0.397656 0.596368 0.014063 0.010545
0 0.395313 0.606913 0.014063 0.010545
0 0.390625 0.616872 0.015625 0.011716
0 0.373437 0.624487 0.014063 0.010545
0 0.370312 0.635032 0.015625 0.011716
0 0.367188 0.645577 0.014063 0.010545
0 0.363281 0.656708 0.015625 0.011716
0 0.345313 0.664909 0.014063 0.010545
0 0.332031 0.661394 0.015625 0.011716
0 0.317969 0.659051 0.015625 0.011716
0 0.304688 0.656708 0.014063 0.010545
0 0.280469 0.640890 0.015625 0.011716
0 0.267188 0.638547 0.015625 0.011716
0 0.275000 0.616872 0.014063 0.010545
0 0.288281 0.619801 0.015625 0.011716
0 0.292969 0.609256 0.014063 0.010545
0 0.278906 0.606913 0.014063 0.010545
0 0.338281 0.685413 0.017188 0.012888
0 0.352344 0.688342 0.017188 0.012888
0 0.355469 0.677211 0.017188 0.012888
0 0.372656 0.669010 0.015625 0.011716
0 0.369531 0.679555 0.015625 0.011716
0 0.365625 0.690685 0.015625 0.011716
0 0.382812 0.682484 0.015625 0.011716
0 0.387500 0.671353 0.014063 0.010545
