0 0.615972 0.697917 0.087500 0.065625
0 0.545833 0.695833 0.075000 0.056250
0 0.472917 0.693750 0.075000 0.056250
0 0.400000 0.695833 0.072222 0.054167
0 0.329167 0.695833 0.070833 0.053125
0 0.256250 0.693750 0.088889 0.066667
0 0.184722 0.696875 0.076389 0.057292
0 0.620139 0.640104 0.084722 0.063542
0 0.548611 0.642188 0.070833 0.053125
0 0.477083 0.645312 0.077778 0.058333
0 0.406944 0.645312 0.077778 0.058333
0 0.334028 0.643229 0.075000 0.056250
0 0.261111 0.641146 0.077778 0.058333
0 0.184722 0.644271 0.076389 0.057292
0 0.613194 0.590625 0.075000 0.056250
0 0.543056 0.589583 0.072222 0.054167
0 0.474306 0.592708 0.088889 0.066667
0 0.404167 0.593750 0.083333 0.062500
0 0.332639 0.590625 0.076389 0.057292
0 0.263889 0.590625 0.068056 0.051042
0 0.190278 0.594792 0.075000 0.056250
0 0.193750 0.542188 0.072222 0.054167
0 0.263889 0.542188 0.086111 0.064583
0 0.336806 0.544271 0.075000 0.056250
0 0.404167 0.545312 0.072222 0.054167
0 0.474306 0.543229 0.068056 0.051042
0 0.544444 0.543229 0.077778 0.058333
0 0.615972 0.541146 0.086111 0.064583
0 0.617361 0.492708 0.087500 0.065625
0 0.543056 0.494271 0.091667 0.068750
0 0.475694 0.494271 0.077778 0.058333
0 0.406944 0.495312 0.072222 0.054167
0 0.338194 0.497396 0.077778 0.058333
0 0.268056 0.495312 0.072222 0.054167
0 0.197917 0.495312 0.072222 0.054167
0 0.197917 0.446875 0.066667 0.050000
0 0.269444 0.445833 0.065278 0.048958
0 0.340972 0.446875 0.073611 0.055208
0 0.405556 0.445833 0.068056 0.051042
0 0.474306 0.447917 0.072222 0.054167
0 0.543056 0.446875 0.075000 0.056250
0 0.610417 0.444792 0.069444 0.052083
