0 0.646240 0.081477 0.023677 0.021642
0 0.321031 0.332909 0.026462 0.024188
0 0.472145 0.380649 0.025070 0.022915
0 0.628134 0.724379 0.023677 0.021642
0 0.371170 0.333546 0.023677 0.021642
0 0.318245 0.081477 0.025070 0.022915
0 0.421309 0.334182 0.023677 0.021642
0 0.657382 0.913431 0.026462 0.024188
0 0.630223 0.817950 0.025070 0.022915
0 0.373259 0.379376 0.025070 0.022915
0 0.554318 0.914067 0.027855 0.025461
0 0.519499 0.084023 0.023677 0.021642
0 0.575209 0.632081 0.026462 0.024188
0 0.471448 0.334819 0.025070 0.022915
0 0.472841 0.426480 0.025070 0.022915
0 0.527159 0.772120 0.025070 0.022915
0 0.544568 0.082750 0.023677 0.021642
0 0.369777 0.196053 0.025070 0.022915
0 0.421309 0.288351 0.025070 0.022915
0 0.527855 0.914067 0.025070 0.022915
0 0.655292 0.865691 0.025070 0.022915
0 0.471448 0.288988 0.025070 0.022915
0 0.527159 0.819223 0.025070 0.022915
0 0.576602 0.678549 0.025070 0.022915
0 0.371170 0.287715 0.025070 0.022915
0 0.579387 0.913431 0.025070 0.022915
0 0.370474 0.241884 0.025070 0.022915
0 0.595404 0.082750 0.023677 0.021642
0 0.420613 0.242521 0.025070 0.022915
0 0.318245 0.104392 0.026462 0.024188
0 0.369777 0.217696 0.025070 0.022915
0 0.523677 0.563972 0.025070 0.022915
0 0.577994 0.725016 0.025070 0.022915
0 0.318942 0.127307 0.025070 0.022915
0 0.630223 0.865691 0.027855 0.025461
0 0.318245 0.173775 0.025070 0.022915
0 0.422006 0.380649 0.023677 0.021642
0 0.578691 0.819223 0.025070 0.022915
0 0.628830 0.771483 0.025070 0.022915
0 0.422702 0.426480 0.023677 0.021642
0 0.347493 0.381286 0.023677 0.021642
0 0.369081 0.082113 0.025070 0.022915
0 0.471448 0.196690 0.026462 0.024188
0 0.578691 0.865691 0.025070 0.022915
0 0.522981 0.425843 0.025070 0.022915
0 0.318245 0.196690 0.026462 0.024188
0 0.471448 0.243794 0.026462 0.024188
0 0.526462 0.678549 0.025070 0.022915
0 0.373259 0.425207 0.025070 0.022915
0 0.420613 0.196690 0.026462 0.024188
0 0.369081 0.127944 0.025070 0.022915
0 0.627437 0.677912 0.025070 0.022915
0 0.503482 0.914704 0.026462 0.024188
0 0.321727 0.379376 0.026462 0.024188
0 0.521588 0.380013 0.026462 0.024188
0 0.502089 0.772756 0.025070 0.022915
0 0.369081 0.173138 0.025070 0.022915
0 0.523677 0.541057 0.025070 0.022915
0 0.527159 0.866964 0.025070 0.022915
0 0.626045 0.632081 0.025070 0.022915
0 0.475627 0.679185 0.025070 0.022915
0 0.520195 0.128581 0.025070 0.022915
0 0.474930 0.632081 0.023677 0.021642
0 0.420613 0.173138 0.025070 0.022915
0 0.523677 0.517505 0.025070 0.022915
0 0.320334 0.287715 0.025070 0.022915
0 0.526462 0.725016 0.025070 0.022915
0 0.569638 0.084023 0.022284 0.020369
0 0.502786 0.866964 0.026462 0.024188
0 0.373259 0.471674 0.025070 0.022915
0 0.502786 0.819860 0.025070 0.022915
0 0.545265 0.128581 0.023677 0.021642
0 0.318942 0.150223 0.025070 0.022915
0 0.369081 0.150223 0.026462 0.024188
0 0.645543 0.105029 0.023677 0.021642
0 0.423398 0.472947 0.023677 0.021642
0 0.424791 0.632718 0.025070 0.022915
0 0.552925 0.819860 0.025070 0.022915
0 0.424791 0.725652 0.025070 0.022915
0 0.523677 0.586251 0.025070 0.022915
0 0.394150 0.149586 0.025070 0.022915
0 0.424791 0.679822 0.025070 0.022915
0 0.577994 0.772120 0.025070 0.022915
0 0.445682 0.196690 0.025070 0.022915
0 0.473538 0.471674 0.023677 0.021642
0 0.419916 0.150859 0.026462 0.024188
0 0.604457 0.819223 0.025070 0.022915
0 0.644847 0.127307 0.022284 0.020369
0 0.573120 0.425843 0.025070 0.022915
0 0.553621 0.866327 0.025070 0.022915
0 0.572423 0.288988 0.026462 0.024188
0 0.424791 0.772120 0.025070 0.022915
0 0.525070 0.632718 0.025070 0.022915
0 0.494429 0.082750 0.023677 0.021642
0 0.476323 0.772120 0.025070 0.022915
0 0.419220 0.127307 0.026462 0.024188
0 0.574513 0.586251 0.026462 0.024188
0 0.630919 0.913431 0.025070 0.022915
0 0.522981 0.471674 0.025070 0.022915
0 0.400418 0.915977 0.026462 0.024188
0 0.573816 0.540420 0.026462 0.024188
0 0.521588 0.288988 0.026462 0.024188
0 0.344011 0.173775 0.025070 0.022915
0 0.469359 0.082750 0.025070 0.022915
0 0.521588 0.196690 0.026462 0.024188
0 0.521588 0.243157 0.026462 0.024188
0 0.522284 0.335455 0.026462 0.024188
0 0.475627 0.725016 0.025070 0.022915
0 0.572423 0.380013 0.025070 0.022915
0 0.419916 0.104392 0.026462 0.024188
0 0.570334 0.128581 0.023677 0.021642
0 0.470752 0.220878 0.026462 0.024188
0 0.322423 0.472311 0.025070 0.022915
0 0.572423 0.335455 0.026462 0.024188
0 0.644847 0.150223 0.025070 0.022915
0 0.419916 0.081477 0.025070 0.022915
0 0.423398 0.518778 0.023677 0.021642
0 0.318942 0.218969 0.025070 0.022915
0 0.425487 0.915977 0.025070 0.022915
0 0.472145 0.265436 0.025070 0.022915
0 0.522981 0.493953 0.026462 0.024188
0 0.349582 0.773393 0.026462 0.024188
0 0.420613 0.218969 0.025070 0.022915
0 0.573816 0.517505 0.025070 0.022915
0 0.322423 0.448122 0.025070 0.022915
0 0.521588 0.173775 0.026462 0.024188
0 0.477019 0.914704 0.025070 0.022915
0 0.605850 0.914704 0.027855 0.025461
0 0.476323 0.819860 0.025070 0.022915
0 0.424791 0.867600 0.025070 0.022915
0 0.605153 0.866327 0.026462 0.024188
0 0.603760 0.725652 0.023677 0.021642
0 0.573816 0.471674 0.025070 0.022915
0 0.451253 0.772756 0.026462 0.024188
0 0.394150 0.172502 0.026462 0.024188
0 0.623259 0.333546 0.026462 0.024188
0 0.575209 0.607893 0.025070 0.022915
0 0.343315 0.150859 0.025070 0.022915
0 0.647632 0.425843 0.023677 0.021642
0 0.323120 0.916614 0.025070 0.022915
0 0.424791 0.819860 0.025070 0.022915
0 0.349582 0.821770 0.026462 0.024188
0 0.626045 0.586251 0.025070 0.022915
0 0.445682 0.266073 0.025070 0.022915
0 0.623259 0.380649 0.026462 0.024188
0 0.544568 0.106302 0.025070 0.022915
0 0.525070 0.609166 0.023677 0.021642
0 0.476323 0.867600 0.025070 0.022915
0 0.574513 0.562699 0.025070 0.022915
0 0.373259 0.448759 0.026462 0.024188
0 0.520891 0.151496 0.026462 0.024188
0 0.369081 0.105029 0.026462 0.024188
0 0.571727 0.243157 0.026462 0.024188
0 0.421309 0.265436 0.025070 0.022915
0 0.654596 0.819223 0.023677 0.021642
0 0.322423 0.773393 0.025070 0.022915
0 0.322423 0.425207 0.025070 0.022915
0 0.596100 0.128581 0.023677 0.021642
0 0.646240 0.173775 0.025070 0.022915
0 0.648329 0.379376 0.023677 0.021642
0 0.424095 0.540420 0.026462 0.024188
0 0.424791 0.586887 0.026462 0.024188
0 0.451950 0.915341 0.026462 0.024188
0 0.473538 0.518141 0.023677 0.021642
0 0.620474 0.082750 0.023677 0.021642
0 0.647632 0.334182 0.023677 0.021642
0 0.451253 0.819860 0.026462 0.024188
0 0.449861 0.632718 0.023677 0.021642
0 0.444986 0.220878 0.025070 0.022915
0 0.471448 0.173775 0.025070 0.022915
0 0.373955 0.916614 0.025070 0.022915
0 0.571727 0.196690 0.026462 0.024188
0 0.373955 0.820496 0.025070 0.022915
0 0.319638 0.242521 0.025070 0.022915
0 0.474234 0.586251 0.023677 0.021642
0 0.445682 0.243157 0.025070 0.022915
0 0.470056 0.127944 0.026462 0.024188
0 0.571031 0.151496 0.025070 0.022915
0 0.373955 0.772756 0.023677 0.021642
0 0.548050 0.517505 0.025070 0.022915
0 0.399721 0.773393 0.025070 0.022915
0 0.394847 0.195417 0.026462 0.024188
0 0.545961 0.288351 0.023677 0.021642
0 0.344011 0.127944 0.023677 0.021642
0 0.472841 0.449395 0.025070 0.022915
0 0.373259 0.402928 0.025070 0.022915
0 0.571727 0.173775 0.025070 0.022915
0 0.347493 0.471674 0.023677 0.021642
0 0.399721 0.867600 0.025070 0.022915
0 0.624652 0.539784 0.026462 0.024188
0 0.646936 0.241248 0.025070 0.022915
0 0.519499 0.106302 0.025070 0.022915
0 0.321727 0.402928 0.026462 0.024188
0 0.623259 0.425207 0.025070 0.022915
0 0.470056 0.150859 0.026462 0.024188
0 0.646936 0.287715 0.025070 0.022915
0 0.552228 0.772756 0.025070 0.022915
0 0.501393 0.725652 0.023677 0.021642
0 0.575905 0.654360 0.025070 0.022915
0 0.346797 0.334819 0.023677 0.021642
0 0.322423 0.821770 0.025070 0.022915
0 0.451253 0.868873 0.026462 0.024188
0 0.423398 0.495863 0.025070 0.022915
0 0.573816 0.495226 0.026462 0.024188
0 0.399025 0.680458 0.023677 0.021642
0 0.349582 0.916614 0.026462 0.024188
0 0.347493 0.426480 0.023677 0.021642
0 0.399721 0.820496 0.025070 0.022915
0 0.521588 0.218969 0.026462 0.024188
0 0.623955 0.471038 0.026462 0.024188
0 0.545265 0.150859 0.025070 0.022915
0 0.473538 0.494589 0.025070 0.022915
0 0.323120 0.869510 0.025070 0.022915
0 0.449861 0.679822 0.023677 0.021642
0 0.394150 0.126671 0.025070 0.022915
0 0.394150 0.105029 0.025070 0.022915
0 0.399025 0.726926 0.023677 0.021642
0 0.500696 0.679185 0.023677 0.021642
0 0.398329 0.380649 0.022284 0.020369
0 0.399025 0.633355 0.023677 0.021642
0 0.346797 0.448759 0.023677 0.021642
0 0.320334 0.264163 0.025070 0.022915
0 0.472145 0.403565 0.025070 0.022915
0 0.373955 0.726289 0.025070 0.022915
0 0.474234 0.540420 0.025070 0.022915
0 0.646240 0.196053 0.025070 0.022915
0 0.422702 0.449395 0.026462 0.024188
0 0.471448 0.311267 0.025070 0.022915
0 0.545961 0.196053 0.023677 0.021642
0 0.373955 0.867600 0.025070 0.022915
0 0.552228 0.726289 0.025070 0.022915
0 0.373259 0.587524 0.025070 0.022915
0 0.595404 0.106302 0.025070 0.022915
0 0.596797 0.242521 0.023677 0.021642
0 0.346100 0.287715 0.025070 0.022915
0 0.323120 0.540420 0.023677 0.021642
0 0.323120 0.725652 0.023677 0.021642
0 0.450557 0.726289 0.023677 0.021642
0 0.321031 0.356461 0.026462 0.024188
0 0.596100 0.334819 0.023677 0.021642
0 0.422702 0.402928 0.025070 0.022915
0 0.548747 0.540420 0.025070 0.022915
0 0.596100 0.150859 0.025070 0.022915
0 0.348886 0.726926 0.025070 0.022915
0 0.522284 0.402292 0.026462 0.024188
0 0.371866 0.356461 0.025070 0.022915
0 0.548747 0.563972 0.025070 0.022915
0 0.373259 0.518778 0.023677 0.021642
0 0.545961 0.243157 0.023677 0.021642
0 0.344011 0.196053 0.025070 0.022915
0 0.343315 0.105665 0.025070 0.022915
0 0.596797 0.288351 0.023677 0.021642
0 0.495125 0.127944 0.022284 0.020369
0 0.321031 0.309357 0.025070 0.022915
0 0.678273 0.724379 0.026462 0.024188
0 0.447772 0.518141 0.025070 0.022915
0 0.469359 0.105665 0.026462 0.024188
0 0.522981 0.449395 0.026462 0.024188
0 0.603760 0.772756 0.023677 0.021642
0 0.374652 0.633991 0.023677 0.021642
0 0.653900 0.772120 0.023677 0.021642
0 0.424791 0.563335 0.025070 0.022915
0 0.494429 0.105665 0.025070 0.022915
0 0.348189 0.634628 0.023677 0.021642
0 0.348886 0.868873 0.026462 0.024188
0 0.620474 0.105665 0.023677 0.021642
0 0.572423 0.448759 0.025070 0.022915
0 0.551532 0.679185 0.023677 0.021642
0 0.446379 0.426480 0.025070 0.022915
0 0.647632 0.449395 0.025070 0.022915
0 0.496518 0.173138 0.025070 0.022915
0 0.675487 0.469764 0.026462 0.024188
0 0.474930 0.563335 0.023677 0.021642
0 0.444290 0.105029 0.025070 0.022915
0 0.496518 0.196053 0.026462 0.024188
0 0.497911 0.516868 0.025070 0.022915
0 0.494429 0.150223 0.023677 0.021642
0 0.545961 0.173138 0.022284 0.020369
0 0.573120 0.402928 0.025070 0.022915
0 0.545961 0.380013 0.023677 0.021642
0 0.475627 0.654997 0.025070 0.022915
0 0.526462 0.654360 0.023677 0.021642
0 0.626741 0.607893 0.025070 0.022915
0 0.621866 0.241884 0.025070 0.022915
0 0.548050 0.493953 0.025070 0.022915
0 0.622563 0.288351 0.025070 0.022915
0 0.348886 0.892425 0.025070 0.022915
0 0.374652 0.679822 0.023677 0.021642
0 0.323120 0.892425 0.025070 0.022915
0 0.347493 0.403565 0.023677 0.021642
0 0.373955 0.563972 0.023677 0.021642
0 0.623955 0.494589 0.026462 0.024188
0 0.597493 0.425843 0.022284 0.020369
0 0.477019 0.891152 0.023677 0.021642
0 0.675487 0.493953 0.027855 0.025461
0 0.449861 0.586887 0.023677 0.021642
0 0.596797 0.380649 0.022284 0.020369
0 0.495125 0.243157 0.023677 0.021642
0 0.398329 0.586887 0.023677 0.021642
0 0.398329 0.472311 0.022284 0.020369
0 0.291783 0.036919 0.026462 0.024188
0 0.318245 0.036283 0.025070 0.022915
0 0.342618 0.038192 0.026462 0.024188
0 0.368384 0.037556 0.026462 0.024188
0 0.394150 0.037556 0.026462 0.024188
0 0.419916 0.036919 0.025070 0.022915
0 0.445682 0.036919 0.026462 0.024188
0 0.469359 0.036283 0.025070 0.022915
0 0.293175 0.059835 0.026462 0.024188
0 0.318942 0.059835 0.025070 0.022915
0 0.342618 0.060471 0.025070 0.022915
0 0.369777 0.059835 0.026462 0.024188
0 0.394150 0.061108 0.025070 0.022915
0 0.419220 0.060471 0.025070 0.022915
0 0.443593 0.060471 0.025070 0.022915
0 0.467967 0.059835 0.026462 0.024188
0 0.293175 0.082113 0.025070 0.022915
0 0.344011 0.082750 0.025070 0.022915
0 0.494429 0.036919 0.023677 0.021642
0 0.519499 0.037556 0.026462 0.024188
0 0.543872 0.036919 0.025070 0.022915
0 0.569638 0.038192 0.025070 0.022915
0 0.594011 0.038829 0.025070 0.022915
0 0.618384 0.038192 0.026462 0.024188
0 0.644150 0.037556 0.025070 0.022915
0 0.671309 0.037556 0.025070 0.022915
0 0.493733 0.061108 0.025070 0.022915
0 0.518802 0.060471 0.026462 0.024188
0 0.544568 0.061108 0.025070 0.022915
0 0.567549 0.061108 0.026462 0.024188
0 0.592618 0.060471 0.025070 0.022915
0 0.618384 0.060471 0.025070 0.022915
0 0.644847 0.059835 0.023677 0.021642
0 0.669916 0.059198 0.025070 0.022915
0 0.620474 0.127944 0.026462 0.024188
0 0.669220 0.106302 0.025070 0.022915
0 0.672702 0.082750 0.023677 0.021642
0 0.669220 0.128581 0.026462 0.024188
0 0.444290 0.127307 0.026462 0.024188
0 0.444290 0.149586 0.025070 0.022915
0 0.446379 0.172502 0.026462 0.024188
0 0.620474 0.151496 0.025070 0.022915
0 0.671309 0.151496 0.025070 0.022915
0 0.293872 0.105029 0.025070 0.022915
0 0.293872 0.127944 0.025070 0.022915
0 0.293872 0.150859 0.026462 0.024188
0 0.293872 0.173775 0.026462 0.024188
0 0.597493 0.173775 0.026462 0.024188
0 0.622563 0.174411 0.026462 0.024188
0 0.672006 0.173775 0.025070 0.022915
0 0.292479 0.196690 0.026462 0.024188
0 0.293175 0.220242 0.026462 0.024188
0 0.344011 0.219605 0.023677 0.021642
0 0.394847 0.218969 0.025070 0.022915
0 0.497214 0.218969 0.025070 0.022915
0 0.547354 0.220242 0.025070 0.022915
0 0.571031 0.219605 0.026462 0.024188
0 0.596100 0.196053 0.025070 0.022915
0 0.620474 0.196690 0.025070 0.022915
0 0.672702 0.196690 0.023677 0.021642
0 0.596797 0.218969 0.025070 0.022915
0 0.621866 0.219605 0.025070 0.022915
0 0.646936 0.218332 0.025070 0.022915
0 0.672702 0.219605 0.026462 0.024188
0 0.295265 0.242521 0.025070 0.022915
0 0.346100 0.241884 0.025070 0.022915
0 0.396240 0.241884 0.025070 0.022915
0 0.673398 0.242521 0.025070 0.022915
0 0.293872 0.265436 0.025070 0.022915
0 0.345404 0.265436 0.026462 0.024188
0 0.371866 0.266073 0.026462 0.024188
0 0.396240 0.264799 0.025070 0.022915
0 0.496518 0.266073 0.025070 0.022915
0 0.520891 0.266073 0.025070 0.022915
0 0.545961 0.266073 0.026462 0.024188
0 0.573120 0.266073 0.025070 0.022915
0 0.596797 0.266073 0.025070 0.022915
0 0.621866 0.265436 0.026462 0.024188
0 0.646240 0.265436 0.025070 0.022915
0 0.672006 0.265436 0.025070 0.022915
0 0.295265 0.288351 0.026462 0.024188
0 0.395543 0.287715 0.025070 0.022915
0 0.445682 0.288988 0.025070 0.022915
0 0.496518 0.288351 0.025070 0.022915
0 0.672702 0.287715 0.026462 0.024188
0 0.294568 0.311267 0.027855 0.025461
0 0.346100 0.311903 0.027855 0.025461
0 0.371866 0.311267 0.025070 0.022915
0 0.396240 0.311267 0.026462 0.024188
0 0.421309 0.311903 0.025070 0.022915
0 0.446379 0.311903 0.025070 0.022915
0 0.495822 0.311267 0.026462 0.024188
0 0.522284 0.312540 0.026462 0.024188
0 0.547354 0.311903 0.025070 0.022915
0 0.571727 0.311267 0.025070 0.022915
0 0.596797 0.312540 0.026462 0.024188
0 0.622563 0.310630 0.026462 0.024188
0 0.646936 0.311903 0.025070 0.022915
0 0.672702 0.310630 0.026462 0.024188
0 0.673398 0.334182 0.026462 0.024188
0 0.293872 0.336092 0.026462 0.024188
0 0.395543 0.334182 0.025070 0.022915
0 0.446379 0.334182 0.025070 0.022915
0 0.495822 0.334819 0.026462 0.024188
0 0.548050 0.335455 0.025070 0.022915
0 0.294568 0.358370 0.025070 0.022915
0 0.347493 0.357734 0.025070 0.022915
0 0.396936 0.357734 0.025070 0.022915
0 0.422702 0.357734 0.025070 0.022915
0 0.447075 0.357734 0.026462 0.024188
0 0.471448 0.357734 0.026462 0.024188
0 0.496518 0.358370 0.025070 0.022915
0 0.520891 0.357097 0.025070 0.022915
0 0.547354 0.357097 0.026462 0.024188
0 0.572423 0.357097 0.026462 0.024188
0 0.294568 0.380649 0.025070 0.022915
0 0.447075 0.380649 0.025070 0.022915
0 0.496518 0.380649 0.025070 0.022915
0 0.597493 0.359007 0.026462 0.024188
0 0.623955 0.357097 0.027855 0.025461
0 0.648329 0.357734 0.025070 0.022915
0 0.672702 0.357097 0.026462 0.024188
0 0.674095 0.378740 0.026462 0.024188
0 0.294568 0.404201 0.025070 0.022915
0 0.396936 0.403565 0.025070 0.022915
0 0.447075 0.403565 0.025070 0.022915
0 0.497911 0.404201 0.025070 0.022915
0 0.548050 0.402928 0.026462 0.024188
0 0.598886 0.404201 0.025070 0.022915
0 0.623955 0.402928 0.026462 0.024188
0 0.647632 0.404201 0.026462 0.024188
0 0.674791 0.402292 0.026462 0.024188
0 0.675487 0.425843 0.025070 0.022915
0 0.674791 0.447486 0.026462 0.024188
0 0.396936 0.426480 0.025070 0.022915
0 0.497214 0.427116 0.025070 0.022915
0 0.548050 0.427116 0.025070 0.022915
0 0.295961 0.426480 0.026462 0.024188
0 0.295961 0.448759 0.025070 0.022915
0 0.396240 0.449395 0.025070 0.022915
0 0.447772 0.450032 0.023677 0.021642
0 0.497214 0.449395 0.027855 0.025461
0 0.548050 0.448759 0.025070 0.022915
0 0.596797 0.449395 0.026462 0.024188
0 0.623259 0.449395 0.025070 0.022915
0 0.295961 0.472947 0.025070 0.022915
0 0.448468 0.472311 0.023677 0.021642
0 0.498607 0.471674 0.023677 0.021642
0 0.548747 0.471674 0.025070 0.022915
0 0.598189 0.471674 0.025070 0.022915
0 0.649721 0.471674 0.026462 0.024188
0 0.295961 0.497136 0.027855 0.025461
0 0.321031 0.495863 0.025070 0.022915
0 0.347493 0.495863 0.027855 0.025461
0 0.373259 0.497136 0.026462 0.024188
0 0.398329 0.495226 0.025070 0.022915
0 0.448468 0.495226 0.026462 0.024188
0 0.498607 0.493953 0.025070 0.022915
0 0.600279 0.495226 0.026462 0.024188
0 0.649721 0.494589 0.026462 0.024188
0 0.394847 0.084023 0.025070 0.022915
0 0.444986 0.082750 0.025070 0.022915
0 0.568942 0.107575 0.026462 0.024188
0 0.295961 0.518778 0.026462 0.024188
0 0.297354 0.541693 0.025070 0.022915
0 0.296657 0.565882 0.025070 0.022915
0 0.296657 0.588160 0.025070 0.022915
0 0.297354 0.612349 0.026462 0.024188
0 0.297354 0.635264 0.025070 0.022915
0 0.298747 0.656906 0.026462 0.024188
0 0.298747 0.681095 0.027855 0.025461
0 0.298050 0.704010 0.026462 0.024188
0 0.322423 0.566518 0.026462 0.024188
0 0.322423 0.588160 0.023677 0.021642
0 0.323816 0.611076 0.026462 0.024188
0 0.322423 0.633991 0.026462 0.024188
0 0.325209 0.656906 0.026462 0.024188
0 0.323120 0.680458 0.026462 0.024188
0 0.323816 0.704647 0.026462 0.024188
0 0.321727 0.520051 0.025070 0.022915
0 0.347493 0.519414 0.027855 0.025461
0 0.347493 0.541693 0.026462 0.024188
0 0.348189 0.565882 0.027855 0.025461
0 0.347493 0.588160 0.025070 0.022915
0 0.348886 0.610439 0.023677 0.021642
0 0.374652 0.611076 0.026462 0.024188
0 0.371866 0.542966 0.025070 0.022915
0 0.348886 0.657543 0.027855 0.025461
0 0.373955 0.656270 0.025070 0.022915
0 0.348886 0.680458 0.025070 0.022915
0 0.348189 0.704647 0.026462 0.024188
0 0.373955 0.703374 0.027855 0.025461
0 0.397632 0.518141 0.026462 0.024188
0 0.397632 0.541057 0.026462 0.024188
0 0.397632 0.564609 0.027855 0.025461
0 0.399025 0.610439 0.027855 0.025461
0 0.398329 0.656270 0.026462 0.024188
0 0.399025 0.702737 0.027855 0.025461
0 0.424791 0.609166 0.026462 0.024188
0 0.424095 0.656906 0.026462 0.024188
0 0.425487 0.702737 0.026462 0.024188
0 0.449861 0.540420 0.026462 0.024188
0 0.449164 0.563335 0.026462 0.024188
0 0.449861 0.609166 0.026462 0.024188
0 0.449164 0.656270 0.025070 0.022915
0 0.449861 0.702737 0.025070 0.022915
0 0.474930 0.702737 0.025070 0.022915
0 0.474234 0.608530 0.025070 0.022915
0 0.500000 0.541057 0.025070 0.022915
0 0.500000 0.563335 0.026462 0.024188
0 0.499304 0.586251 0.026462 0.024188
0 0.498607 0.611076 0.026462 0.024188
0 0.499304 0.633355 0.027855 0.025461
0 0.500000 0.656270 0.026462 0.024188
0 0.500000 0.701464 0.025070 0.022915
0 0.527159 0.702737 0.026462 0.024188
0 0.552925 0.702737 0.027855 0.025461
0 0.577994 0.702737 0.026462 0.024188
0 0.548747 0.586251 0.026462 0.024188
0 0.549443 0.609803 0.026462 0.024188
0 0.550836 0.632718 0.026462 0.024188
0 0.550139 0.656270 0.026462 0.024188
0 0.600279 0.516868 0.026462 0.024188
0 0.599582 0.540420 0.026462 0.024188
0 0.598886 0.563335 0.027855 0.025461
0 0.600975 0.584978 0.029248 0.026735
0 0.600975 0.609803 0.026462 0.024188
0 0.599582 0.633355 0.029248 0.026735
0 0.600975 0.655633 0.026462 0.024188
0 0.601671 0.678549 0.026462 0.024188
0 0.602368 0.702101 0.027855 0.025461
0 0.628134 0.700191 0.027855 0.025461
0 0.626045 0.655633 0.029248 0.026735
0 0.624652 0.562062 0.027855 0.025461
0 0.624652 0.516232 0.026462 0.024188
0 0.650418 0.516868 0.026462 0.024188
0 0.650418 0.539147 0.025070 0.022915
0 0.650418 0.563335 0.027855 0.025461
0 0.651114 0.586251 0.027855 0.025461
0 0.652507 0.607893 0.027855 0.025461
0 0.651114 0.632718 0.026462 0.024188
0 0.651811 0.655633 0.026462 0.024188
0 0.653203 0.679185 0.027855 0.025461
0 0.653203 0.702101 0.027855 0.025461
0 0.676184 0.516868 0.026462 0.024188
0 0.675487 0.539784 0.026462 0.024188
0 0.675487 0.563335 0.027855 0.025461
0 0.678273 0.586887 0.026462 0.024188
0 0.678273 0.609166 0.026462 0.024188
0 0.676184 0.632081 0.026462 0.024188
0 0.677577 0.654997 0.025070 0.022915
0 0.678969 0.678549 0.026462 0.024188
0 0.678273 0.702101 0.026462 0.024188
0 0.297354 0.727562 0.025070 0.022915
0 0.296657 0.751114 0.026462 0.024188
0 0.297354 0.774666 0.027855 0.025461
0 0.296657 0.797581 0.026462 0.024188
0 0.297354 0.821770 0.027855 0.025461
0 0.296657 0.845321 0.027855 0.025461
0 0.297354 0.869510 0.027855 0.025461
0 0.297354 0.893698 0.027855 0.025461
0 0.297354 0.916614 0.027855 0.025461
0 0.297354 0.942075 0.029248 0.026735
0 0.322423 0.941439 0.030641 0.028008
0 0.348189 0.940165 0.029248 0.026735
0 0.373955 0.940165 0.029248 0.026735
0 0.373955 0.892425 0.026462 0.024188
0 0.322423 0.845321 0.027855 0.025461
0 0.348886 0.845958 0.026462 0.024188
0 0.375348 0.845321 0.026462 0.024188
0 0.323120 0.798218 0.027855 0.025461
0 0.348886 0.797581 0.026462 0.024188
0 0.375348 0.796945 0.026462 0.024188
0 0.323120 0.751750 0.027855 0.025461
0 0.349582 0.749841 0.027855 0.025461
0 0.373955 0.749841 0.027855 0.025461
0 0.399025 0.749841 0.027855 0.025461
0 0.399721 0.796945 0.026462 0.024188
0 0.399721 0.844048 0.027855 0.025461
0 0.399721 0.891789 0.027855 0.025461
0 0.399721 0.940802 0.030641 0.028008
0 0.424095 0.748568 0.026462 0.024188
0 0.424095 0.796945 0.026462 0.024188
0 0.425487 0.843412 0.026462 0.024188
0 0.426184 0.893062 0.026462 0.024188
0 0.426880 0.940802 0.027855 0.025461
0 0.449861 0.749204 0.027855 0.025461
0 0.451253 0.796308 0.025070 0.022915
0 0.451253 0.844685 0.025070 0.022915
0 0.451950 0.893062 0.029248 0.026735
0 0.453343 0.939529 0.030641 0.028008
0 0.478412 0.938256 0.030641 0.028008
0 0.476323 0.844685 0.027855 0.025461
0 0.476323 0.796308 0.029248 0.026735
0 0.474930 0.749204 0.029248 0.026735
0 0.501393 0.747931 0.027855 0.025461
0 0.501393 0.796308 0.027855 0.025461
0 0.503482 0.843412 0.029248 0.026735
0 0.502786 0.891152 0.027855 0.025461
0 0.503482 0.937619 0.029248 0.026735
0 0.526462 0.749204 0.026462 0.024188
0 0.526462 0.795672 0.026462 0.024188
0 0.527855 0.844048 0.026462 0.024188
0 0.527159 0.890516 0.026462 0.024188
0 0.528552 0.938256 0.026462 0.024188
0 0.551532 0.748568 0.027855 0.025461
0 0.552228 0.795035 0.026462 0.024188
0 0.553621 0.843412 0.027855 0.025461
0 0.553621 0.889879 0.027855 0.025461
0 0.553621 0.938256 0.029248 0.026735
0 0.578691 0.748568 0.027855 0.025461
0 0.577994 0.795672 0.026462 0.024188
0 0.578691 0.841502 0.025070 0.022915
0 0.580084 0.888606 0.029248 0.026735
0 0.580084 0.938892 0.026462 0.024188
0 0.603064 0.748568 0.026462 0.024188
0 0.653203 0.725652 0.026462 0.024188
0 0.628830 0.748568 0.027855 0.025461
0 0.653900 0.747931 0.027855 0.025461
0 0.678273 0.747931 0.025070 0.022915
0 0.679666 0.770847 0.027855 0.025461
0 0.603760 0.795672 0.027855 0.025461
0 0.629526 0.795672 0.026462 0.024188
0 0.654596 0.795672 0.026462 0.024188
0 0.680362 0.794398 0.025070 0.022915
0 0.681755 0.817314 0.026462 0.024188
0 0.603760 0.842775 0.027855 0.025461
0 0.629526 0.842775 0.026462 0.024188
0 0.654596 0.840866 0.025070 0.022915
0 0.681058 0.840866 0.027855 0.025461
0 0.682451 0.865691 0.027855 0.025461
0 0.605153 0.891152 0.027855 0.025461
0 0.630223 0.890516 0.025070 0.022915
0 0.655989 0.889243 0.027855 0.025461
0 0.682451 0.889243 0.026462 0.024188
0 0.683148 0.913431 0.029248 0.026735
0 0.682451 0.937619 0.027855 0.025461
0 0.657382 0.936346 0.026462 0.024188
0 0.631616 0.937619 0.026462 0.024188
0 0.605153 0.937619 0.029248 0.026735
