0 0.536806 0.313814 0.020833 0.045045
0 0.556250 0.309309 0.019444 0.042042
0 0.575694 0.309309 0.020833 0.045045
0 0.534028 0.357357 0.020833 0.045045
0 0.556250 0.352853 0.022222 0.048048
0 0.577083 0.354354 0.022222 0.048048
0 0.536111 0.397898 0.020833 0.045045
0 0.556944 0.397898 0.020833 0.045045
0 0.576389 0.396396 0.020833 0.045045
0 0.595139 0.310811 0.020833 0.045045
0 0.615972 0.310811 0.020833 0.045045
0 0.636111 0.312312 0.020833 0.045045
0 0.656250 0.309309 0.022222 0.048048
0 0.596528 0.354354 0.020833 0.045045
0 0.616667 0.354354 0.020833 0.045045
0 0.635417 0.355856 0.019444 0.042042
0 0.596528 0.396396 0.020833 0.045045
0 0.616667 0.396396 0.020833 0.045045
0 0.636111 0.397898 0.020833 0.045045
0 0.655556 0.354354 0.022222 0.048048
0 0.656250 0.397898 0.022222 0.048048
0 0.677083 0.306306 0.020833 0.045045
0 0.677083 0.351351 0.022222 0.048048
0 0.677778 0.394895 0.022222 0.048048
0 0.697222 0.307808 0.022222 0.048048
0 0.697917 0.351351 0.022222 0.048048
0 0.697917 0.394895 0.023611 0.051051
0 0.718056 0.309309 0.020833 0.045045
0 0.717361 0.354354 0.020833 0.045045
0 0.718056 0.396396 0.020833 0.045045
0 0.737500 0.309309 0.020833 0.045045
0 0.758333 0.307808 0.020833 0.045045
0 0.738194 0.352853 0.019444 0.042042
0 0.738194 0.394895 0.020833 0.045045
0 0.758333 0.393393 0.022222 0.048048
0 0.759722 0.349850 0.019444 0.042042
0 0.777778 0.306306 0.022222 0.048048
0 0.779167 0.351351 0.020833 0.045045
0 0.778472 0.394895 0.020833 0.045045
0 0.800000 0.396396 0.022222 0.048048
0 0.799306 0.352853 0.020833 0.045045
0 0.798611 0.306306 0.020833 0.045045
0 0.819444 0.307808 0.020833 0.045045
0 0.820139 0.351351 0.019444 0.042042
0 0.820139 0.394895 0.022222 0.048048
0 0.839583 0.307808 0.022222 0.048048
0 0.840278 0.352853 0.022222 0.048048
0 0.840972 0.396396 0.020833 0.045045
0 0.861806 0.391892 0.020833 0.045045
0 0.860417 0.348348 0.020833 0.045045
0 0.859722 0.306306 0.020833 0.045045
0 0.880556 0.307808 0.020833 0.045045
0 0.881250 0.351351 0.022222 0.048048
0 0.881944 0.394895 0.020833 0.045045
0 0.534722 0.439940 0.019444 0.042042
0 0.556250 0.439940 0.020833 0.045045
0 0.576389 0.438438 0.019444 0.042042
0 0.596528 0.438438 0.020833 0.045045
0 0.615972 0.439940 0.020833 0.045045
0 0.635417 0.439940 0.019444 0.042042
0 0.533333 0.483483 0.020833 0.045045
0 0.554167 0.481982 0.020833 0.045045
0 0.574306 0.481982 0.022222 0.048048
0 0.595833 0.483483 0.022222 0.048048
0 0.615278 0.483483 0.022222 0.048048
0 0.635417 0.483483 0.022222 0.048048
0 0.658333 0.442943 0.022222 0.048048
0 0.655556 0.483483 0.020833 0.045045
0 0.678472 0.441441 0.022222 0.048048
0 0.675694 0.483483 0.020833 0.045045
0 0.696528 0.483483 0.020833 0.045045
0 0.698611 0.439940 0.022222 0.048048
0 0.535417 0.525526 0.020833 0.045045
0 0.554861 0.525526 0.020833 0.045045
0 0.575000 0.528529 0.020833 0.045045
0 0.595833 0.524024 0.019444 0.042042
0 0.615278 0.527027 0.022222 0.048048
0 0.635417 0.527027 0.022222 0.048048
0 0.656944 0.528529 0.020833 0.045045
0 0.677083 0.525526 0.020833 0.045045
0 0.697917 0.527027 0.022222 0.048048
0 0.718056 0.483483 0.022222 0.048048
0 0.718056 0.438438 0.020833 0.045045
0 0.718056 0.527027 0.022222 0.048048
0 0.738889 0.527027 0.020833 0.045045
0 0.738889 0.481982 0.022222 0.048048
0 0.738889 0.438438 0.022222 0.048048
0 0.759722 0.436937 0.022222 0.048048
0 0.759722 0.480480 0.022222 0.048048
0 0.759722 0.525526 0.022222 0.048048
0 0.779861 0.438438 0.020833 0.045045
0 0.800000 0.438438 0.020833 0.045045
0 0.779861 0.480480 0.020833 0.045045
0 0.800000 0.481982 0.020833 0.045045
0 0.780556 0.522523 0.020833 0.045045
0 0.800694 0.525526 0.022222 0.048048
0 0.820139 0.480480 0.022222 0.048048
0 0.820833 0.436937 0.020833 0.045045
0 0.840278 0.438438 0.020833 0.045045
0 0.840278 0.481982 0.020833 0.045045
0 0.840972 0.525526 0.019444 0.042042
0 0.820833 0.524024 0.020833 0.045045
0 0.861111 0.435435 0.019444 0.042042
0 0.861111 0.478979 0.020833 0.045045
0 0.861111 0.524024 0.020833 0.045045
0 0.881250 0.436937 0.019444 0.042042
0 0.881250 0.481982 0.020833 0.045045
0 0.881250 0.524024 0.020833 0.045045
0 0.535417 0.572072 0.020833 0.045045
0 0.555556 0.567568 0.019444 0.042042
0 0.575694 0.572072 0.020833 0.045045
0 0.535417 0.614114 0.020833 0.045045
0 0.555556 0.615616 0.020833 0.045045
0 0.575694 0.614114 0.020833 0.045045
0 0.536111 0.654655 0.019444 0.042042
0 0.556250 0.657658 0.020833 0.045045
0 0.576389 0.656156 0.020833 0.045045
0 0.596528 0.567568 0.020833 0.045045
0 0.595139 0.612613 0.022222 0.048048
0 0.596528 0.657658 0.022222 0.048048
0 0.615972 0.572072 0.020833 0.045045
0 0.615278 0.615616 0.020833 0.045045
0 0.617361 0.659159 0.019444 0.042042
0 0.636806 0.569069 0.020833 0.045045
0 0.635417 0.614114 0.020833 0.045045
0 0.637500 0.657658 0.020833 0.045045
0 0.659028 0.570571 0.020833 0.045045
0 0.679167 0.566066 0.022222 0.048048
0 0.699306 0.567568 0.020833 0.045045
0 0.654861 0.612613 0.022222 0.048048
0 0.678472 0.615616 0.020833 0.045045
0 0.698611 0.609610 0.020833 0.045045
0 0.656944 0.654655 0.022222 0.048048
0 0.678472 0.657658 0.019444 0.042042
0 0.698611 0.653153 0.022222 0.048048
0 0.718750 0.570571 0.022222 0.048048
0 0.738889 0.569069 0.020833 0.045045
0 0.758333 0.570571 0.020833 0.045045
0 0.718750 0.614114 0.022222 0.048048
0 0.738194 0.612613 0.020833 0.045045
0 0.758333 0.611111 0.020833 0.045045
0 0.718056 0.659159 0.020833 0.045045
0 0.738194 0.654655 0.022222 0.048048
0 0.758333 0.654655 0.022222 0.048048
0 0.778472 0.566066 0.020833 0.045045
0 0.799306 0.567568 0.022222 0.048048
0 0.820833 0.567568 0.020833 0.045045
0 0.778472 0.612613 0.022222 0.048048
0 0.798611 0.611111 0.022222 0.048048
0 0.818750 0.611111 0.022222 0.048048
0 0.778472 0.657658 0.022222 0.048048
0 0.798611 0.654655 0.022222 0.048048
0 0.820139 0.654655 0.022222 0.048048
0 0.840278 0.569069 0.020833 0.045045
0 0.840278 0.612613 0.020833 0.045045
0 0.839583 0.654655 0.022222 0.048048
0 0.861111 0.567568 0.020833 0.045045
0 0.860417 0.611111 0.022222 0.048048
0 0.860417 0.654655 0.020833 0.045045
0 0.881250 0.566066 0.020833 0.045045
0 0.881250 0.609610 0.022222 0.048048
0 0.881250 0.653153 0.020833 0.045045
0 0.534722 0.702703 0.020833 0.045045
0 0.555556 0.701201 0.019444 0.042042
0 0.575694 0.699700 0.020833 0.045045
0 0.534028 0.744745 0.019444 0.042042
0 0.554167 0.744745 0.020833 0.045045
0 0.575000 0.743243 0.019444 0.042042
0 0.534722 0.789790 0.022222 0.048048
0 0.555556 0.788288 0.019444 0.042042
0 0.575694 0.786787 0.022222 0.048048
0 0.595833 0.701201 0.022222 0.048048
0 0.616667 0.702703 0.020833 0.045045
0 0.636111 0.701201 0.020833 0.045045
0 0.595139 0.744745 0.022222 0.048048
0 0.615972 0.746246 0.020833 0.045045
0 0.636111 0.744745 0.019444 0.042042
0 0.596528 0.788288 0.020833 0.045045
0 0.616667 0.789790 0.022222 0.048048
0 0.636806 0.791291 0.020833 0.045045
0 0.656250 0.698198 0.020833 0.045045
0 0.677778 0.702703 0.020833 0.045045
0 0.656944 0.743243 0.020833 0.045045
0 0.677083 0.747748 0.020833 0.045045
0 0.657639 0.786787 0.022222 0.048048
0 0.677083 0.791291 0.020833 0.045045
0 0.697917 0.789790 0.020833 0.045045
0 0.697222 0.746246 0.020833 0.045045
0 0.697222 0.702703 0.020833 0.045045
0 0.718750 0.701201 0.022222 0.048048
0 0.718056 0.744745 0.022222 0.048048
0 0.718750 0.789790 0.020833 0.045045
0 0.738889 0.791291 0.020833 0.045045
0 0.738194 0.744745 0.020833 0.045045
0 0.738194 0.699700 0.020833 0.045045
0 0.758333 0.699700 0.020833 0.045045
0 0.758333 0.741742 0.022222 0.048048
0 0.759722 0.791291 0.022222 0.048048
0 0.777778 0.701201 0.022222 0.048048
0 0.798611 0.699700 0.022222 0.048048
0 0.820833 0.698198 0.022222 0.048048
0 0.778472 0.746246 0.020833 0.045045
0 0.799306 0.744745 0.020833 0.045045
0 0.820139 0.747748 0.023611 0.051051
0 0.779861 0.789790 0.022222 0.048048
0 0.800000 0.788288 0.022222 0.048048
0 0.820833 0.792793 0.022222 0.048048
0 0.840972 0.698198 0.018056 0.039039
0 0.861806 0.701201 0.019444 0.042042
0 0.884028 0.698198 0.020833 0.045045
0 0.884028 0.743243 0.020833 0.045045
0 0.883333 0.789790 0.022222 0.048048
0 0.862500 0.789790 0.020833 0.045045
0 0.862500 0.746246 0.020833 0.045045
0 0.840972 0.741742 0.022222 0.048048
0 0.842361 0.788288 0.022222 0.048048
0 0.118056 0.312312 0.020833 0.045045
0 0.137500 0.313814 0.018056 0.039039
0 0.157639 0.312312 0.020833 0.045045
0 0.177083 0.312312 0.020833 0.045045
0 0.197222 0.312312 0.020833 0.045045
0 0.216667 0.310811 0.020833 0.045045
0 0.236806 0.312312 0.020833 0.045045
0 0.257639 0.312312 0.020833 0.045045
0 0.277083 0.312312 0.020833 0.045045
0 0.297222 0.310811 0.020833 0.045045
0 0.316667 0.309309 0.019444 0.042042
0 0.336806 0.309309 0.019444 0.042042
0 0.356250 0.312312 0.020833 0.045045
0 0.375694 0.312312 0.022222 0.048048
0 0.395833 0.309309 0.020833 0.045045
0 0.415972 0.312312 0.022222 0.048048
0 0.436111 0.312312 0.020833 0.045045
0 0.457639 0.310811 0.022222 0.048048
0 0.118056 0.354354 0.019444 0.042042
0 0.137500 0.357357 0.020833 0.045045
0 0.157639 0.355856 0.019444 0.042042
0 0.177778 0.354354 0.020833 0.045045
0 0.197222 0.352853 0.020833 0.045045
0 0.216667 0.358859 0.020833 0.045045
0 0.235417 0.354354 0.019444 0.042042
0 0.256250 0.354354 0.020833 0.045045
0 0.275694 0.352853 0.019444 0.042042
0 0.295139 0.357357 0.020833 0.045045
0 0.317361 0.351351 0.020833 0.045045
0 0.336111 0.352853 0.022222 0.048048
0 0.356250 0.355856 0.020833 0.045045
0 0.376389 0.354354 0.020833 0.045045
0 0.395833 0.355856 0.022222 0.048048
0 0.415972 0.357357 0.020833 0.045045
0 0.435417 0.354354 0.022222 0.048048
0 0.456250 0.357357 0.019444 0.042042
0 0.295833 0.399399 0.020833 0.045045
0 0.315278 0.397898 0.020833 0.045045
0 0.335417 0.397898 0.020833 0.045045
0 0.356250 0.396396 0.020833 0.045045
0 0.375694 0.399399 0.020833 0.045045
0 0.395139 0.397898 0.019444 0.042042
0 0.414583 0.397898 0.019444 0.042042
0 0.435417 0.397898 0.020833 0.045045
0 0.457639 0.399399 0.020833 0.045045
0 0.116667 0.397898 0.022222 0.048048
0 0.136806 0.400901 0.022222 0.048048
0 0.157639 0.399399 0.020833 0.045045
0 0.177083 0.399399 0.020833 0.045045
0 0.197222 0.397898 0.020833 0.045045
0 0.216667 0.400901 0.020833 0.045045
0 0.115278 0.439940 0.022222 0.048048
0 0.136806 0.442943 0.020833 0.045045
0 0.156944 0.441441 0.020833 0.045045
0 0.176389 0.441441 0.022222 0.048048
0 0.196528 0.439940 0.020833 0.045045
0 0.215972 0.441441 0.020833 0.045045
0 0.115278 0.481982 0.020833 0.045045
0 0.135417 0.484985 0.022222 0.048048
0 0.155556 0.483483 0.020833 0.045045
0 0.175694 0.483483 0.020833 0.045045
0 0.196528 0.483483 0.020833 0.045045
0 0.215972 0.481982 0.019444 0.042042
0 0.235417 0.399399 0.020833 0.045045
0 0.255556 0.396396 0.020833 0.045045
0 0.275694 0.396396 0.020833 0.045045
0 0.236111 0.441441 0.020833 0.045045
0 0.256250 0.438438 0.020833 0.045045
0 0.276389 0.438438 0.020833 0.045045
0 0.235417 0.484985 0.020833 0.045045
0 0.254167 0.483483 0.020833 0.045045
0 0.275000 0.481982 0.019444 0.042042
0 0.296528 0.441441 0.020833 0.045045
0 0.315278 0.441441 0.020833 0.045045
0 0.336111 0.439940 0.020833 0.045045
0 0.294444 0.481982 0.019444 0.042042
0 0.313889 0.484985 0.020833 0.045045
0 0.334028 0.481982 0.020833 0.045045
0 0.356250 0.438438 0.020833 0.045045
0 0.375694 0.441441 0.020833 0.045045
0 0.395833 0.441441 0.020833 0.045045
0 0.415278 0.439940 0.019444 0.042042
0 0.434722 0.442943 0.022222 0.048048
0 0.455556 0.442943 0.020833 0.045045
0 0.354861 0.483483 0.020833 0.045045
0 0.375000 0.481982 0.022222 0.048048
0 0.396528 0.483483 0.020833 0.045045
0 0.415972 0.481982 0.019444 0.042042
0 0.435417 0.484985 0.020833 0.045045
0 0.455556 0.484985 0.022222 0.048048
0 0.114583 0.525526 0.022222 0.048048
0 0.136111 0.525526 0.020833 0.045045
0 0.154861 0.524024 0.020833 0.045045
0 0.175000 0.525526 0.023611 0.051051
0 0.196528 0.525526 0.020833 0.045045
0 0.215972 0.525526 0.020833 0.045045
0 0.235417 0.527027 0.020833 0.045045
0 0.255556 0.525526 0.020833 0.045045
0 0.115972 0.567568 0.020833 0.045045
0 0.136111 0.569069 0.019444 0.042042
0 0.156250 0.567568 0.022222 0.048048
0 0.175694 0.569069 0.022222 0.048048
0 0.195833 0.569069 0.022222 0.048048
0 0.215972 0.569069 0.020833 0.045045
0 0.115972 0.609610 0.020833 0.045045
0 0.136111 0.612613 0.020833 0.045045
0 0.156250 0.611111 0.020833 0.045045
0 0.175694 0.611111 0.019444 0.042042
0 0.195139 0.611111 0.020833 0.045045
0 0.215278 0.612613 0.019444 0.042042
0 0.275000 0.524024 0.019444 0.042042
0 0.235417 0.570571 0.020833 0.045045
0 0.254861 0.567568 0.022222 0.048048
0 0.275000 0.570571 0.020833 0.045045
0 0.234722 0.614114 0.020833 0.045045
0 0.254861 0.611111 0.020833 0.045045
0 0.274306 0.612613 0.019444 0.042042
0 0.294444 0.524024 0.020833 0.045045
0 0.313889 0.527027 0.020833 0.045045
0 0.334722 0.524024 0.020833 0.045045
0 0.295139 0.567568 0.020833 0.045045
0 0.314583 0.569069 0.022222 0.048048
0 0.334722 0.567568 0.022222 0.048048
0 0.294444 0.611111 0.020833 0.045045
0 0.313889 0.614114 0.022222 0.048048
0 0.333333 0.612613 0.023611 0.051051
0 0.354861 0.525526 0.020833 0.045045
0 0.354167 0.569069 0.020833 0.045045
0 0.355556 0.611111 0.020833 0.045045
0 0.375000 0.527027 0.020833 0.045045
0 0.395833 0.525526 0.022222 0.048048
0 0.415972 0.525526 0.022222 0.048048
0 0.436111 0.527027 0.022222 0.048048
0 0.455556 0.527027 0.022222 0.048048
0 0.374306 0.570571 0.022222 0.048048
0 0.394444 0.570571 0.020833 0.045045
0 0.414583 0.569069 0.022222 0.048048
0 0.435417 0.569069 0.020833 0.045045
0 0.455556 0.570571 0.022222 0.048048
0 0.375000 0.611111 0.020833 0.045045
0 0.395139 0.612613 0.022222 0.048048
0 0.414583 0.611111 0.020833 0.045045
0 0.434722 0.612613 0.020833 0.045045
0 0.455556 0.614114 0.022222 0.048048
0 0.115278 0.654655 0.019444 0.042042
0 0.135417 0.654655 0.022222 0.048048
0 0.155556 0.654655 0.020833 0.045045
0 0.175000 0.654655 0.020833 0.045045
0 0.195139 0.654655 0.022222 0.048048
0 0.215278 0.656156 0.020833 0.045045
0 0.175694 0.698198 0.020833 0.045045
0 0.195139 0.699700 0.020833 0.045045
0 0.213889 0.698198 0.020833 0.045045
0 0.175000 0.741742 0.020833 0.045045
0 0.195139 0.741742 0.020833 0.045045
0 0.214583 0.740240 0.020833 0.045045
0 0.174306 0.783784 0.020833 0.045045
0 0.193750 0.783784 0.020833 0.045045
0 0.213194 0.789790 0.020833 0.045045
0 0.233333 0.701201 0.020833 0.045045
0 0.234028 0.744745 0.022222 0.048048
0 0.232639 0.788288 0.020833 0.045045
0 0.234028 0.657658 0.022222 0.048048
0 0.254861 0.653153 0.020833 0.045045
0 0.274306 0.654655 0.022222 0.048048
0 0.254167 0.698198 0.022222 0.048048
0 0.253472 0.743243 0.022222 0.048048
0 0.274306 0.698198 0.020833 0.045045
0 0.274306 0.741742 0.022222 0.048048
0 0.294444 0.653153 0.020833 0.045045
0 0.314583 0.656156 0.022222 0.048048
0 0.334722 0.654655 0.022222 0.048048
0 0.293056 0.698198 0.022222 0.048048
0 0.313194 0.699700 0.022222 0.048048
0 0.334028 0.699700 0.020833 0.045045
0 0.293750 0.744745 0.020833 0.045045
0 0.313889 0.741742 0.022222 0.048048
0 0.335417 0.743243 0.020833 0.045045
0 0.354861 0.654655 0.020833 0.045045
0 0.375000 0.654655 0.020833 0.045045
0 0.394444 0.654655 0.022222 0.048048
0 0.354167 0.696697 0.022222 0.048048
0 0.374306 0.696697 0.020833 0.045045
0 0.393750 0.698198 0.022222 0.048048
0 0.415278 0.656156 0.020833 0.045045
0 0.435417 0.656156 0.023611 0.051051
0 0.455556 0.657658 0.022222 0.048048
0 0.414583 0.699700 0.020833 0.045045
0 0.435417 0.698198 0.020833 0.045045
0 0.454861 0.699700 0.020833 0.045045
0 0.354861 0.741742 0.020833 0.045045
0 0.374306 0.740240 0.020833 0.045045
0 0.394444 0.741742 0.020833 0.045045
0 0.415278 0.741742 0.019444 0.042042
0 0.434028 0.741742 0.020833 0.045045
0 0.452778 0.740240 0.022222 0.048048
0 0.113889 0.696697 0.019444 0.042042
0 0.135417 0.698198 0.020833 0.045045
0 0.156250 0.698198 0.020833 0.045045
0 0.113194 0.740240 0.023611 0.051051
0 0.134722 0.743243 0.023611 0.051051
0 0.155556 0.744745 0.022222 0.048048
0 0.113889 0.785285 0.022222 0.048048
0 0.135417 0.785285 0.020833 0.045045
0 0.155556 0.786787 0.019444 0.042042
0 0.252083 0.786787 0.022222 0.048048
0 0.272222 0.788288 0.022222 0.048048
0 0.292361 0.788288 0.023611 0.051051
0 0.313194 0.785285 0.020833 0.045045
0 0.333333 0.785285 0.020833 0.045045
0 0.353472 0.785285 0.020833 0.045045
0 0.373611 0.783784 0.019444 0.042042
0 0.393056 0.786787 0.020833 0.045045
0 0.413194 0.783784 0.020833 0.045045
0 0.434028 0.785285 0.022222 0.048048
0 0.454167 0.788288 0.022222 0.048048
